%YAML:1.0
aruco_bc_nmarkers: 4
aruco_bc_mInfoType: 0
aruco_bc_markers:
   - { id:76, corners:[ [ -230., -350., 0. ], [ -130., -350., 0. ], [
       -130., -250., 0. ], [ -230., -250., 0. ] ] }
   - { id:845, corners:[ [ -110., -350., 0. ], [ -10., -350., 0. ], [
       -10., -250., 0. ], [ -110., -250., 0. ] ] }
   - { id:643, corners:[ [ 10., -350., 0. ], [ 110., -350., 0. ], [ 110.,
       -250., 0. ], [ 10., -250., 0. ] ] }
   - { id:120, corners:[ [ 130., -350., 0. ], [ 230., -350., 0. ], [
       230., -250., 0. ], [ 130., -250., 0. ] ] }
