%YAML:1.0
aruco_bc_nmarkers: 4
aruco_bc_mInfoType: 0
aruco_bc_markers:
   - { id:368, corners:[ [ -230., -230., 0. ], [ -130., -230., 0. ], [
       -130., -130., 0. ], [ -230., -130., 0. ] ] }
   - { id:662, corners:[ [ -110., -230., 0. ], [ -10., -230., 0. ], [
       -10., -130., 0. ], [ -110., -130., 0. ] ] }
   - { id:497, corners:[ [ 10., -230., 0. ], [ 110., -230., 0. ], [ 110.,
       -130., 0. ], [ 10., -130., 0. ] ] }
   - { id:951, corners:[ [ 130., -230., 0. ], [ 230., -230., 0. ], [
       230., -130., 0. ], [ 130., -130., 0. ] ] }
