%YAML:1.0
aruco_bc_nmarkers: 8
aruco_bc_mInfoType: 0
aruco_bc_markers:
	 - { id:580, corners:[ [ -230., -110., 0. ], [ -130., -110., 0. ], [
       -130., -10., 0. ], [ -230., -10., 0. ] ] }
   - { id:152, corners:[ [ -110., -110., 0. ], [ -10., -110., 0. ], [
       -10., -10., 0. ], [ -110., -10., 0. ] ] }
   - { id:122, corners:[ [ 10., -110., 0. ], [ 110., -110., 0. ], [ 110.,
       -10., 0. ], [ 10., -10., 0. ] ] }
   - { id:233, corners:[ [ 130., -110., 0. ], [ 230., -110., 0. ], [
       230., -10., 0. ], [ 130., -10., 0. ] ] }
   - { id:822, corners:[ [ -230., 10., 0. ], [ -130., 10., 0. ], [ -130.,
       110., 0. ], [ -230., 110., 0. ] ] }
   - { id:344, corners:[ [ -110., 10., 0. ], [ -10., 10., 0. ], [ -10.,
       110., 0. ], [ -110., 110., 0. ] ] }
   - { id:591, corners:[ [ 10., 10., 0. ], [ 110., 10., 0. ], [ 110.,
       110., 0. ], [ 10., 110., 0. ] ] }
   - { id:268, corners:[ [ 130., 10., 0. ], [ 230., 10., 0. ], [ 230.,
       110., 0. ], [ 130., 110., 0. ] ] }
