%YAML:1.0
aruco_bc_nmarkers: 8
aruco_bc_mInfoType: 0
aruco_bc_markers:
   - { id:926, corners:[ [ -230., -110., 0. ], [ -130., -110., 0. ], [
       -130., -10., 0. ], [ -230., -10., 0. ] ] }
   - { id:544, corners:[ [ -110., -110., 0. ], [ -10., -110., 0. ], [
       -10., -10., 0. ], [ -110., -10., 0. ] ] }
   - { id:674, corners:[ [ 10., -110., 0. ], [ 110., -110., 0. ], [ 110.,
       -10., 0. ], [ 10., -10., 0. ] ] }
   - { id:613, corners:[ [ 130., -110., 0. ], [ 230., -110., 0. ], [
       230., -10., 0. ], [ 130., -10., 0. ] ] }
   - { id:836, corners:[ [ -230., 10., 0. ], [ -130., 10., 0. ], [ -130.,
       110., 0. ], [ -230., 110., 0. ] ] }
   - { id:221, corners:[ [ -110., 10., 0. ], [ -10., 10., 0. ], [ -10.,
       110., 0. ], [ -110., 110., 0. ] ] }
   - { id:610, corners:[ [ 10., 10., 0. ], [ 110., 10., 0. ], [ 110.,
       110., 0. ], [ 10., 110., 0. ] ] }
   - { id:578, corners:[ [ 130., 10., 0. ], [ 230., 10., 0. ], [ 230.,
       110., 0. ], [ 130., 110., 0. ] ] }
