%YAML:1.0
aruco_bc_nmarkers: 8
aruco_bc_mInfoType: 0
aruco_bc_markers:
   - { id:607, corners:[ [ -66., -138., 0. ], [ -6., -138., 0. ], [ -6.,
       -78., 0. ], [ -66., -78., 0. ] ] }
   - { id:741, corners:[ [ 6., -138., 0. ], [ 66., -138., 0. ], [ 66.,
       -78., 0. ], [ 6., -78., 0. ] ] }
   - { id:916, corners:[ [ -66., -66., 0. ], [ -6., -66., 0. ], [ -6.,
       -6., 0. ], [ -66., -6., 0. ] ] }
   - { id:104, corners:[ [ 6., -66., 0. ], [ 66., -66., 0. ], [ 66., -6.,
       0. ], [ 6., -6., 0. ] ] }
   - { id:190, corners:[ [ -66., 6., 0. ], [ -6., 6., 0. ], [ -6., 66.,
       0. ], [ -66., 66., 0. ] ] }
   - { id:309, corners:[ [ 6., 6., 0. ], [ 66., 6., 0. ], [ 66., 66., 0. ],
       [ 6., 66., 0. ] ] }
   - { id:217, corners:[ [ -66., 78., 0. ], [ -6., 78., 0. ], [ -6.,
       138., 0. ], [ -66., 138., 0. ] ] }
   - { id:694, corners:[ [ 6., 78., 0. ], [ 66., 78., 0. ], [ 66., 138.,
       0. ], [ 6., 138., 0. ] ] }
