P: [1, 1, 1, 1, 1, 1, 1, 1, 1, 1, 1, 1, 1, 1]
Q: [0.000000001, 0.000000001, 0.000000001, 0.0000001, 0.0000001, 0.0000001, 0.000000001, 0.000000001, 0.000000001,0.000000001, 0.0000001, 0.0000001, 0.0000001, 0.0000001]
R: [0.000001, 0.000001, 0.000001, 0.001, 0.001, 0.001, 0.001]
file: 1
