%YAML:1.0
aruco_bc_nmarkers: 8
aruco_bc_mInfoType: 0
aruco_bc_markers:
   - { id:372, corners:[ [ -66., -138., 0. ], [ -6., -138., 0. ], [ -6.,
       -78., 0. ], [ -66., -78., 0. ] ] }
   - { id:634, corners:[ [ 6., -138., 0. ], [ 66., -138., 0. ], [ 66.,
       -78., 0. ], [ 6., -78., 0. ] ] }
   - { id:393, corners:[ [ -66., -66., 0. ], [ -6., -66., 0. ], [ -6.,
       -6., 0. ], [ -66., -6., 0. ] ] }
   - { id:78, corners:[ [ 6., -66., 0. ], [ 66., -66., 0. ], [ 66., -6.,
       0. ], [ 6., -6., 0. ] ] }
   - { id:904, corners:[ [ -66., 6., 0. ], [ -6., 6., 0. ], [ -6., 66.,
       0. ], [ -66., 66., 0. ] ] }
   - { id:680, corners:[ [ 6., 6., 0. ], [ 66., 6., 0. ], [ 66., 66., 0. ],
       [ 6., 66., 0. ] ] }
   - { id:14, corners:[ [ -66., 78., 0. ], [ -6., 78., 0. ], [ -6., 138.,
       0. ], [ -66., 138., 0. ] ] }
   - { id:548, corners:[ [ 6., 78., 0. ], [ 66., 78., 0. ], [ 66., 138.,
       0. ], [ 6., 138., 0. ] ] }
