%YAML:1.0
aruco_bc_nmarkers: 8
aruco_bc_mInfoType: 0
aruco_bc_markers:
   - { id:457, corners:[ [ -66., -138., 0. ], [ -6., -138., 0. ], [ -6.,
       -78., 0. ], [ -66., -78., 0. ] ] }
   - { id:543, corners:[ [ 6., -138., 0. ], [ 66., -138., 0. ], [ 66.,
       -78., 0. ], [ 6., -78., 0. ] ] }
   - { id:825, corners:[ [ -66., -66., 0. ], [ -6., -66., 0. ], [ -6.,
       -6., 0. ], [ -66., -6., 0. ] ] }
   - { id:88, corners:[ [ 6., -66., 0. ], [ 66., -66., 0. ], [ 66., -6.,
       0. ], [ 6., -6., 0. ] ] }
   - { id:354, corners:[ [ -66., 6., 0. ], [ -6., 6., 0. ], [ -6., 66.,
       0. ], [ -66., 66., 0. ] ] }
   - { id:246, corners:[ [ 6., 6., 0. ], [ 66., 6., 0. ], [ 66., 66., 0. ],
       [ 6., 66., 0. ] ] }
   - { id:815, corners:[ [ -66., 78., 0. ], [ -6., 78., 0. ], [ -6.,
       138., 0. ], [ -66., 138., 0. ] ] }
   - { id:178, corners:[ [ 6., 78., 0. ], [ 66., 78., 0. ], [ 66., 138.,
       0. ], [ 6., 138., 0. ] ] }
