%YAML:1.0
aruco_bc_nmarkers: 8
aruco_bc_mInfoType: 0
aruco_bc_markers:
   - { id:181, corners:[ [ -66., -138., 0. ], [ -6., -138., 0. ], [ -6.,
       -78., 0. ], [ -66., -78., 0. ] ] }
   - { id:879, corners:[ [ 6., -138., 0. ], [ 66., -138., 0. ], [ 66.,
       -78., 0. ], [ 6., -78., 0. ] ] }
   - { id:490, corners:[ [ -66., -66., 0. ], [ -6., -66., 0. ], [ -6.,
       -6., 0. ], [ -66., -6., 0. ] ] }
   - { id:686, corners:[ [ 6., -66., 0. ], [ 66., -66., 0. ], [ 66., -6.,
       0. ], [ 6., -6., 0. ] ] }
   - { id:635, corners:[ [ -66., 6., 0. ], [ -6., 6., 0. ], [ -6., 66.,
       0. ], [ -66., 66., 0. ] ] }
   - { id:504, corners:[ [ 6., 6., 0. ], [ 66., 6., 0. ], [ 66., 66., 0. ],
       [ 6., 66., 0. ] ] }
   - { id:356, corners:[ [ -66., 78., 0. ], [ -6., 78., 0. ], [ -6.,
       138., 0. ], [ -66., 138., 0. ] ] }
   - { id:422, corners:[ [ 6., 78., 0. ], [ 66., 78., 0. ], [ 66., 138.,
       0. ], [ 6., 138., 0. ] ] }
