%YAML:1.0
aruco_bc_nmarkers: 8
aruco_bc_mInfoType: 0
aruco_bc_markers:
   - { id:731, corners:[ [ -66., -138., 0. ], [ -6., -138., 0. ], [ -6.,
       -78., 0. ], [ -66., -78., 0. ] ] }
   - { id:262, corners:[ [ 6., -138., 0. ], [ 66., -138., 0. ], [ 66.,
       -78., 0. ], [ 6., -78., 0. ] ] }
   - { id:254, corners:[ [ -66., -66., 0. ], [ -6., -66., 0. ], [ -6.,
       -6., 0. ], [ -66., -6., 0. ] ] }
   - { id:589, corners:[ [ 6., -66., 0. ], [ 66., -66., 0. ], [ 66., -6.,
       0. ], [ 6., -6., 0. ] ] }
   - { id:532, corners:[ [ -66., 6., 0. ], [ -6., 6., 0. ], [ -6., 66.,
       0. ], [ -66., 66., 0. ] ] }
   - { id:313, corners:[ [ 6., 6., 0. ], [ 66., 6., 0. ], [ 66., 66., 0. ],
       [ 6., 66., 0. ] ] }
   - { id:481, corners:[ [ -66., 78., 0. ], [ -6., 78., 0. ], [ -6.,
       138., 0. ], [ -66., 138., 0. ] ] }
   - { id:863, corners:[ [ 6., 78., 0. ], [ 66., 78., 0. ], [ 66., 138.,
       0. ], [ 6., 138., 0. ] ] }
